1 -64.4667 -64.4667 2 1 
0.997816 -64.4469 -64.4469 1 1 
0.995636 -64.427 -64.427 1 1 
0.991287 -64.3872 -64.3872 1 1 
0.982634 -64.3077 -64.3077 1 1 
0.971899 -64.2083 -64.2083 1 1 
0.961257 -64.1089 -64.1089 1 1 
0.950705 -64.0095 -64.0095 1 1 
0.940244 -63.9101 -63.9101 1 1 
0.929874 -63.8106 -63.8106 1 1 
0.919594 -63.7112 -63.7112 1 1 
0.909404 -63.6117 -63.6117 1 1 
0.899304 -63.5123 -63.5123 1 1 
0.889292 -63.4128 -63.4128 1 1 
0.87937 -63.3133 -63.3133 1 1 
0.869537 -63.2138 -63.2138 1 1 
0.859792 -63.1143 -63.1143 1 1 
0.850135 -63.0148 -63.0148 1 1 
0.840566 -62.9153 -62.9153 1 1 
0.831085 -62.8158 -62.8158 1 1 
0.821692 -62.7163 -62.7163 1 1 
0.812386 -62.6167 -62.6167 1 1 
0.803167 -62.5172 -62.5172 1 1 
0.794035 -62.4176 -62.4176 1 1 
0.78499 -62.3181 -62.3181 1 1 
0.776032 -62.2185 -62.2185 1 1 
0.76716 -62.1189 -62.1189 1 1 
0.758375 -62.0193 -62.0193 1 1 
0.749676 -61.9197 -61.9197 1 1 
0.741063 -61.8201 -61.8201 1 1 
0.732536 -61.7205 -61.7205 1 1 
0.724096 -61.6209 -61.6209 1 1 
0.715741 -61.5213 -61.5213 1 1 
0.707473 -61.4216 -61.4216 1 1 
0.69929 -61.322 -61.322 1 1 
0.691193 -61.2224 -61.2224 1 1 
0.683182 -61.1227 -61.1227 1 1 
0.675257 -61.0231 -61.0231 1 1 
0.667418 -60.9234 -60.9234 1 1 
0.659664 -60.8237 -60.8237 1 1 
0.651996 -60.724 -60.724 1 1 
0.644414 -60.6244 -60.6244 1 1 
0.636918 -60.5247 -60.5247 1 1 
0.629508 -60.425 -60.425 1 1 
0.622184 -60.3253 -60.3253 1 1 
0.614946 -60.2256 -60.2256 1 1 
0.607795 -60.1258 -60.1258 1 1 
0.600729 -60.0261 -60.0261 1 1 
0.59375 -59.9264 -59.9264 1 1 
0.586857 -59.8267 -59.8267 1 1 
0.580051 -59.7269 -59.7269 1 1 
0.573332 -59.6272 -59.6272 1 1 
0.5667 -59.5274 -59.5274 1 1 
0.560154 -59.4277 -59.4277 1 1 
0.553696 -59.3279 -59.3279 1 1 
0.547325 -59.2281 -59.2281 1 1 
0.541042 -59.1284 -59.1284 1 1 
0.534846 -59.0286 -59.0286 1 1 
0.528738 -58.9288 -58.9288 1 1 
0.522719 -58.829 -58.829 1 1 
0.516787 -58.7292 -58.7292 1 1 
0.510944 -58.6294 -58.6294 1 1 
0.505191 -58.5296 -58.5296 1 1 
0.499526 -58.4298 -58.4298 1 1 
0.49395 -58.33 -58.33 1 1 
0.488464 -58.2302 -58.2302 1 1 
0.483068 -58.1303 -58.1303 1 1 
0.477762 -58.0305 -58.0305 1 1 
0.472546 -57.9307 -57.9307 1 1 
0.467421 -57.8308 -57.8308 1 1 
0.462387 -57.731 -57.731 1 1 
0.457444 -57.6311 -57.6311 1 1 
0.452593 -57.5313 -57.5313 1 1 
0.447833 -57.4314 -57.4314 1 1 
0.443166 -57.3315 -57.3315 1 1 
0.438592 -57.2317 -57.2317 1 1 
0.43411 -57.1318 -57.1318 1 1 
0.429722 -57.0319 -57.0319 1 1 
0.425428 -56.9321 -56.9321 1 1 
0.421227 -56.8322 -56.8322 1 1 
0.417121 -56.7323 -56.7323 1 1 
0.413109 -56.6324 -56.6324 1 1 
0.409193 -56.5325 -56.5325 1 1 
0.405372 -56.4326 -56.4326 1 1 
0.401647 -56.3327 -56.3327 1 1 
0.398019 -56.2328 -56.2328 1 1 
0.394487 -56.1329 -56.1329 1 1 
0.391052 -56.033 -56.033 1 1 
0.387715 -55.9331 -55.9331 1 1 
0.384476 -55.8331 -55.8331 1 1 
0.381335 -55.7332 -55.7332 1 1 
0.378293 -55.6333 -55.6333 1 1 
0.37535 -55.5334 -55.5334 1 1 
0.372507 -55.4334 -55.4334 1 1 
0.369764 -55.3335 -55.3335 1 1 
0.367121 -55.2336 -55.2336 1 1 
0.36458 -55.1336 -55.1336 1 1 
0.36214 -55.0337 -55.0337 1 1 
0.359802 -54.9337 -54.9337 1 1 
0.357566 -54.8338 -54.8338 1 1 
0.355433 -54.7338 -54.7338 1 1 
0.353403 -54.6339 -54.6339 1 1 
0.351477 -54.5339 -54.5339 1 1 
0.349655 -54.434 -54.434 1 1 
0.347938 -54.334 -54.334 1 1 
0.346325 -54.234 -54.234 1 1 
0.344818 -54.1341 -54.1341 1 1 
0.343417 -54.0341 -54.0341 1 1 
0.342123 -53.9342 -53.9342 1 1 
0.340935 -53.8342 -53.8342 1 1 
0.339855 -53.7342 -53.7342 1 1 
0.338883 -53.6343 -53.6343 1 1 
0.338018 -53.5343 -53.5343 1 1 
0.337263 -53.4343 -53.4343 1 1 
0.336616 -53.3343 -53.3343 1 1 
0.336079 -53.2344 -53.2344 1 1 
0.335652 -53.1344 -53.1344 1 1 
0.335335 -53.0344 -53.0344 1 1 
0.335129 -52.9344 -52.9344 1 1 
0.335035 -52.8345 -52.8345 1 1 
0.335028 -52.7997 -52.7997 1 1 
0.335084 -52.6997 -52.6997 2 1 
0.335252 -52.5998 -52.5998 2 1 
0.335533 -52.4998 -52.4998 2 1 
0.335926 -52.3998 -52.3998 2 1 
0.336433 -52.2998 -52.2998 2 1 
0.337054 -52.1999 -52.1999 2 1 
0.337789 -52.0999 -52.0999 2 1 
0.338638 -51.9999 -51.9999 2 1 
0.339603 -51.8999 -51.8999 2 1 
0.340682 -51.8 -51.8 2 1 
0.341877 -51.7 -51.7 2 1 
0.343188 -51.6 -51.6 2 1 
0.344615 -51.5001 -51.5001 2 1 
0.346158 -51.4001 -51.4001 2 1 
0.347818 -51.3002 -51.3002 2 1 
0.349595 -51.2002 -51.2002 2 1 
0.351489 -51.1002 -51.1002 2 1 
0.353501 -51.0003 -51.0003 2 1 
0.355631 -50.9003 -50.9003 2 1 
0.357878 -50.8004 -50.8004 2 1 
0.360244 -50.7004 -50.7004 2 1 
0.362728 -50.6005 -50.6005 2 1 
0.36533 -50.5006 -50.5006 2 1 
0.368051 -50.4006 -50.4006 2 1 
0.370891 -50.3007 -50.3007 2 1 
0.37385 -50.2007 -50.2007 2 1 
0.376928 -50.1008 -50.1008 2 1 
0.380126 -50.0009 -50.0009 2 1 
0.383442 -49.901 -49.901 2 1 
0.386877 -49.8011 -49.8011 2 1 
0.390432 -49.7011 -49.7011 2 1 
0.394106 -49.6012 -49.6012 2 1 
0.3979 -49.5013 -49.5013 2 1 
0.401812 -49.4014 -49.4014 2 1 
0.405844 -49.3015 -49.3015 2 1 
0.409995 -49.2016 -49.2016 2 1 
0.414264 -49.1018 -49.1018 2 1 
0.418653 -49.0019 -49.0019 2 1 
0.42316 -48.902 -48.902 2 1 
0.427786 -48.8021 -48.8021 2 1 
0.43253 -48.7023 -48.7023 2 1 
0.437392 -48.6024 -48.6024 2 1 
0.442371 -48.5026 -48.5026 2 1 
0.447468 -48.4027 -48.4027 2 1 
0.452683 -48.3029 -48.3029 2 1 
0.458014 -48.203 -48.203 2 1 
0.463461 -48.1032 -48.1032 2 1 
0.469025 -48.0034 -48.0034 2 1 
0.474704 -47.9036 -47.9036 2 1 
0.480498 -47.8038 -47.8038 2 1 
0.486407 -47.704 -47.704 2 1 
0.49243 -47.6042 -47.6042 2 1 
0.498566 -47.5044 -47.5044 2 1 
0.504816 -47.4046 -47.4046 2 1 
0.511177 -47.3048 -47.3048 2 1 
0.517651 -47.2051 -47.2051 2 1 
0.524235 -47.1053 -47.1053 2 1 
0.530929 -47.0055 -47.0055 2 1 
0.537733 -46.9058 -46.9058 2 1 
0.544646 -46.8061 -46.8061 2 1 
0.551666 -46.7063 -46.7063 2 1 
0.558793 -46.6066 -46.6066 2 1 
0.566026 -46.5069 -46.5069 2 1 
0.573364 -46.4072 -46.4072 2 1 
0.580807 -46.3075 -46.3075 2 1 
0.588352 -46.2078 -46.2078 2 1 
0.595999 -46.1081 -46.1081 2 1 
0.603747 -46.0084 -46.0084 2 1 
0.611595 -45.9088 -45.9088 2 1 
0.619541 -45.8091 -45.8091 2 1 
0.627585 -45.7095 -45.7095 2 1 
0.635724 -45.6098 -45.6098 2 1 
0.643959 -45.5102 -45.5102 2 1 
0.652286 -45.4105 -45.4105 2 1 
0.660706 -45.3109 -45.3109 2 1 
0.669216 -45.2113 -45.2113 2 1 
0.677816 -45.1117 -45.1117 2 1 
0.686503 -45.0121 -45.0121 2 1 
0.695275 -44.9125 -44.9125 2 1 
0.704133 -44.8129 -44.8129 2 1 
0.713073 -44.7134 -44.7134 2 1 
0.722094 -44.6138 -44.6138 2 1 
0.731194 -44.5142 -44.5142 2 1 
0.740372 -44.4147 -44.4147 2 1 
0.749626 -44.3151 -44.3151 2 1 
0.758953 -44.2156 -44.2156 2 1 
0.768353 -44.116 -44.116 2 1 
0.777822 -44.0165 -44.0165 2 1 
0.78736 -43.917 -43.917 2 1 
0.796963 -43.8175 -43.8175 2 1 
0.80663 -43.718 -43.718 2 1 
0.816359 -43.6185 -43.6185 2 1 
0.826148 -43.519 -43.519 2 1 
0.835993 -43.4195 -43.4195 2 1 
0.845894 -43.32 -43.32 2 1 
0.855848 -43.2205 -43.2205 2 1 
0.865851 -43.1211 -43.1211 2 1 
0.875903 -43.0216 -43.0216 2 1 
0.886 -42.9221 -42.9221 2 1 
0.89614 -42.8227 -42.8227 2 1 
0.906321 -42.7232 -42.7232 2 1 
0.916539 -42.6238 -42.6238 2 1 
0.926793 -42.5243 -42.5243 2 1 
0.937079 -42.4249 -42.4249 2 1 
0.947394 -42.3254 -42.3254 2 1 
0.957737 -42.226 -42.226 2 1 
0.968104 -42.1265 -42.1265 2 1 
0.978492 -42.0271 -42.0271 2 1 
0.988899 -41.9277 -41.9277 2 1 
0.999321 -41.8282 -41.8282 2 1 
1.00975 -41.7288 -41.7288 2 1 
1.0202 -41.6294 -41.6294 2 1 
1.03065 -41.53 -41.53 2 1 
1.0411 -41.4305 -41.4305 2 1 
1.05155 -41.3311 -41.3311 2 1 
1.062 -41.2317 -41.2317 2 1 
1.07245 -41.1323 -41.1323 2 1 
1.08288 -41.0328 -41.0328 2 1 
1.0933 -40.9334 -40.9334 2 1 
1.1037 -40.834 -40.834 2 1 
1.11409 -40.7345 -40.7345 2 1 
1.12445 -40.6351 -40.6351 2 1 
1.13478 -40.5357 -40.5357 2 1 
1.14508 -40.4362 -40.4362 2 1 
1.15535 -40.3368 -40.3368 2 1 
1.16558 -40.2373 -40.2373 2 1 
1.17577 -40.1379 -40.1379 2 1 
1.18592 -40.0384 -40.0384 2 1 
1.19601 -39.939 -39.939 2 1 
1.20605 -39.8395 -39.8395 2 1 
1.21604 -39.74 -39.74 2 1 
1.22596 -39.6405 -39.6405 2 1 
1.23582 -39.5411 -39.5411 2 1 
1.24562 -39.4416 -39.4416 2 1 
1.25534 -39.3421 -39.3421 2 1 
1.26498 -39.2426 -39.2426 2 1 
1.27454 -39.1431 -39.1431 2 1 
1.28402 -39.0435 -39.0435 2 1 
1.29341 -38.944 -38.944 2 1 
1.30271 -38.8445 -38.8445 2 1 
1.31191 -38.7449 -38.7449 2 1 
1.32101 -38.6454 -38.6454 2 1 
1.33 -38.5458 -38.5458 2 1 
1.33889 -38.4462 -38.4462 2 1 
1.34766 -38.3467 -38.3467 2 1 
1.35632 -38.2471 -38.2471 2 1 
1.36485 -38.1475 -38.1475 2 1 
1.37325 -38.0478 -38.0478 2 1 
1.38152 -37.9482 -37.9482 2 1 
1.38966 -37.8486 -37.8486 2 1 
1.39766 -37.7489 -37.7489 2 1 
1.40551 -37.6493 -37.6493 2 1 
1.41322 -37.5496 -37.5496 2 1 
1.42077 -37.4499 -37.4499 2 1 
1.42816 -37.3502 -37.3502 2 1 
1.43539 -37.2505 -37.2505 2 1 
1.44246 -37.1508 -37.1508 2 1 
1.44935 -37.0511 -37.0511 2 1 
1.45607 -36.9513 -36.9513 2 1 
1.46261 -36.8516 -36.8516 2 1 
1.46896 -36.7518 -36.7518 2 1 
1.47512 -36.652 -36.652 2 1 
1.48109 -36.5522 -36.5522 2 1 
1.48687 -36.4524 -36.4524 2 1 
1.49243 -36.3526 -36.3526 2 1 
1.49779 -36.2528 -36.2528 2 1 
1.50294 -36.153 -36.153 2 1 
1.50788 -36.0531 -36.0531 2 1 
1.51259 -35.9533 -35.9533 2 1 
1.51707 -35.8534 -35.8534 2 1 
1.52133 -35.7536 -35.7536 2 1 
1.52535 -35.6537 -35.6537 2 1 
1.52913 -35.5538 -35.5538 2 1 
1.53267 -35.4539 -35.4539 2 1 
1.53596 -35.354 -35.354 2 1 
1.539 -35.254 -35.254 2 1 
1.54178 -35.1541 -35.1541 2 1 
1.5443 -35.0542 -35.0542 2 1 
1.54656 -34.9543 -34.9543 2 1 
1.54855 -34.8543 -34.8543 2 1 
1.55026 -34.7544 -34.7544 2 1 
1.55169 -34.6544 -34.6544 2 1 
1.55285 -34.5545 -34.5545 2 1 
1.55371 -34.4545 -34.4545 2 1 
1.55429 -34.3545 -34.3545 2 1 
1.55457 -34.2546 -34.2546 2 1 
1.5546 -34.2103 -34.2103 2 1 
1.55445 -34.1103 -34.1103 2 1 
1.55399 -34.0104 -34.0104 2 1 
1.55323 -33.9104 -33.9104 2 1 
1.55216 -33.8104 -33.8104 2 1 
1.55077 -33.7105 -33.7105 2 1 
1.54906 -33.6106 -33.6106 2 1 
1.54702 -33.5106 -33.5106 2 1 
1.54466 -33.4107 -33.4107 2 1 
1.54198 -33.3108 -33.3108 2 1 
1.53895 -33.2109 -33.2109 2 1 
1.53559 -33.111 -33.111 2 1 
1.5319 -33.0111 -33.0111 2 1 
1.52785 -32.9112 -32.9112 2 1 
1.52347 -32.8113 -32.8113 2 1 
1.51873 -32.7115 -32.7115 2 1 
1.51364 -32.6117 -32.6117 2 1 
1.50819 -32.5118 -32.5118 2 1 
1.50239 -32.4121 -32.4121 2 1 
1.49623 -32.3123 -32.3123 2 1 
1.4897 -32.2126 -32.2126 2 1 
1.48281 -32.1128 -32.1128 2 1 
1.47555 -32.0131 -32.0131 2 1 
1.46792 -31.9135 -31.9135 2 1 
1.45991 -31.8138 -31.8138 2 1 
1.45153 -31.7142 -31.7142 2 1 
1.44278 -31.6147 -31.6147 2 1 
1.43365 -31.5151 -31.5151 2 1 
1.42413 -31.4156 -31.4156 2 1 
1.41424 -31.3162 -31.3162 2 1 
1.40396 -31.2168 -31.2168 2 1 
1.39329 -31.1174 -31.1174 2 1 
1.38224 -31.018 -31.018 2 1 
1.3708 -30.9187 -30.9187 2 1 
1.35897 -30.8195 -30.8195 2 1 
1.34676 -30.7203 -30.7203 2 1 
1.33415 -30.6211 -30.6211 2 1 
1.32115 -30.522 -30.522 2 1 
1.30775 -30.423 -30.423 2 1 
1.29397 -30.324 -30.324 2 1 
1.27979 -30.225 -30.225 2 1 
1.26522 -30.1262 -30.1262 2 1 
1.25025 -30.0273 -30.0273 2 1 
1.23489 -29.9286 -29.9286 2 1 
1.21913 -29.8299 -29.8299 2 1 
1.20299 -29.7312 -29.7312 2 1 
1.18644 -29.6327 -29.6327 2 1 
1.16951 -29.5342 -29.5342 2 1 
1.15218 -29.4357 -29.4357 2 1 
1.13446 -29.3374 -29.3374 2 1 
1.11634 -29.2391 -29.2391 2 1 
1.09784 -29.1408 -29.1408 2 1 
1.07894 -29.0427 -29.0427 2 1 
1.05966 -28.9446 -28.9446 2 1 
1.03998 -28.8466 -28.8466 2 1 
1.01993 -28.7487 -28.7487 2 1 
0.99948 -28.6509 -28.6509 2 1 
0.97865 -28.5531 -28.5531 2 1 
0.957438 -28.4554 -28.4554 2 1 
0.935844 -28.3579 -28.3579 2 1 
0.91387 -28.2604 -28.2604 2 1 
0.891518 -28.1629 -28.1629 2 1 
0.868791 -28.0656 -28.0656 2 1 
0.845689 -27.9684 -27.9684 2 1 
0.822215 -27.8712 -27.8712 2 1 
0.798371 -27.7742 -27.7742 2 1 
0.774159 -27.6772 -27.6772 2 1 
0.749582 -27.5803 -27.5803 2 1 
0.724641 -27.4835 -27.4835 2 1 
0.699339 -27.3868 -27.3868 2 1 
0.673679 -27.2902 -27.2902 2 1 
0.647664 -27.1937 -27.1937 2 1 
0.621295 -27.0973 -27.0973 2 1 
0.594576 -27.001 -27.001 2 1 
0.567509 -26.9048 -26.9048 2 1 
0.540097 -26.8087 -26.8087 2 1 
0.512344 -26.7127 -26.7127 2 1 
0.484251 -26.6168 -26.6168 2 1 
0.455823 -26.521 -26.521 2 1 
0.427061 -26.4252 -26.4252 2 1 
0.39797 -26.3296 -26.3296 2 1 
0.368552 -26.2341 -26.2341 2 1 
0.33881 -26.1387 -26.1387 2 1 
0.308748 -26.0434 -26.0434 2 1 
0.27837 -25.9481 -25.9481 2 1 
0.247677 -25.853 -25.853 2 1 
0.216674 -25.758 -25.758 2 1 
0.185365 -25.6631 -25.6631 2 1 
0.153752 -25.5683 -25.5683 2 1 
0.121839 -25.4736 -25.4736 2 1 
0.0896298 -25.379 -25.379 2 1 
0.0571274 -25.2845 -25.2845 2 1 
0.0243357 -25.19 -25.19 2 1 
-0.0087419 -25.0957 -25.0957 2 1 
-0.0421017 -25.0015 -25.0015 2 1 
-0.0757402 -24.9074 -24.9074 2 1 
-0.109654 -24.8134 -24.8134 2 1 
-0.143839 -24.7195 -24.7195 2 1 
-0.178291 -24.6257 -24.6257 2 1 
-0.213008 -24.5319 -24.5319 2 1 
-0.247985 -24.4383 -24.4383 2 1 
-0.283218 -24.3448 -24.3448 2 1 
-0.318705 -24.2514 -24.2514 2 1 
-0.354441 -24.158 -24.158 2 1 
-0.390422 -24.0648 -24.0648 2 1 
-0.426646 -23.9716 -23.9716 2 1 
-0.463107 -23.8786 -23.8786 2 1 
-0.499803 -23.7856 -23.7856 2 1 
-0.536729 -23.6927 -23.6927 2 1 
-0.573883 -23.6 -23.6 2 1 
-0.61126 -23.5073 -23.5073 2 1 
-0.648856 -23.4147 -23.4147 2 1 
-0.686668 -23.3222 -23.3222 2 1 
-0.724692 -23.2297 -23.2297 2 1 
-0.762925 -23.1374 -23.1374 2 1 
-0.801363 -23.0451 -23.0451 2 1 
-0.840002 -22.953 -22.953 2 1 
-0.878838 -22.8609 -22.8609 2 1 
-0.917868 -22.7689 -22.7689 2 1 
-0.957089 -22.6769 -22.6769 2 1 
-0.996495 -22.5851 -22.5851 2 1 
-1.03609 -22.4933 -22.4933 2 1 
-1.07585 -22.4016 -22.4016 2 1 
-1.1158 -22.31 -22.31 2 1 
-1.15592 -22.2185 -22.2185 2 1 
-1.1962 -22.127 -22.127 2 1 
-1.23665 -22.0356 -22.0356 2 1 
-1.27727 -21.9443 -21.9443 2 1 
-1.31804 -21.8531 -21.8531 2 1 
-1.35896 -21.7619 -21.7619 2 1 
-1.40004 -21.6708 -21.6708 2 1 
-1.44126 -21.5797 -21.5797 2 1 
-1.48263 -21.4888 -21.4888 2 1 
-1.52414 -21.3978 -21.3978 2 1 
-1.56579 -21.307 -21.307 2 1 
-1.60757 -21.2162 -21.2162 2 1 
-1.64948 -21.1255 -21.1255 2 1 
-1.69152 -21.0348 -21.0348 2 1 
-1.73369 -20.9442 -20.9442 2 1 
-1.77597 -20.8536 -20.8536 2 1 
-1.81837 -20.7631 -20.7631 2 1 
-1.86089 -20.6727 -20.6727 2 1 
-1.90352 -20.5823 -20.5823 2 1 
-1.94625 -20.4919 -20.4919 2 1 
-1.9891 -20.4016 -20.4016 2 1 
-2.03204 -20.3114 -20.3114 2 1 
-2.07508 -20.2212 -20.2212 2 1 
-2.11822 -20.131 -20.131 2 1 
-2.16145 -20.0409 -20.0409 2 1 
-2.2033 -19.9539 -19.9539 2 1 
-2.2467 -19.8639 -19.8639 1 1 
-2.29019 -19.7739 -19.7739 1 1 
-2.33376 -19.684 -19.684 1 1 
-2.3774 -19.5941 -19.5941 1 1 
-2.42112 -19.5042 -19.5042 1 1 
-2.46491 -19.4143 -19.4143 1 1 
-2.50877 -19.3245 -19.3245 1 1 
-2.5527 -19.2348 -19.2348 1 1 
-2.59669 -19.145 -19.145 1 1 
-2.64074 -19.0553 -19.0553 1 1 
-2.68485 -18.9656 -18.9656 1 1 
-2.72901 -18.876 -18.876 1 1 
-2.77323 -18.7863 -18.7863 1 1 
-2.81749 -18.6967 -18.6967 1 1 
-2.8618 -18.6072 -18.6072 1 1 
-2.90616 -18.5176 -18.5176 1 1 
-2.95055 -18.4281 -18.4281 1 1 
-2.99499 -18.3385 -18.3385 1 1 
-3.03946 -18.249 -18.249 1 1 
-3.08397 -18.1595 -18.1595 1 1 
-3.12851 -18.0701 -18.0701 1 1 
-3.17308 -17.9806 -17.9806 1 1 
-3.21767 -17.8912 -17.8912 1 1 
-3.26229 -17.8017 -17.8017 1 1 
-3.30692 -17.7123 -17.7123 1 1 
-3.35158 -17.6229 -17.6229 1 1 
-3.39625 -17.5335 -17.5335 1 1 
-3.44094 -17.4441 -17.4441 1 1 
-3.48564 -17.3547 -17.3547 1 1 
-3.53035 -17.2653 -17.2653 1 1 
-3.57507 -17.1759 -17.1759 1 1 
-3.61979 -17.0866 -17.0866 1 1 
-3.66452 -16.9972 -16.9972 1 1 
-3.70924 -16.9078 -16.9078 1 1 
-3.75397 -16.8184 -16.8184 1 1 
-3.79869 -16.729 -16.729 1 1 
-3.8434 -16.6397 -16.6397 1 1 
-3.88811 -16.5503 -16.5503 1 1 
-3.9328 -16.4609 -16.4609 1 1 
-3.97749 -16.3715 -16.3715 1 1 
-4.02215 -16.2821 -16.2821 1 1 
-4.06681 -16.1926 -16.1926 1 1 
-4.11144 -16.1032 -16.1032 1 1 
-4.15606 -16.0138 -16.0138 1 1 
-4.20065 -15.9243 -15.9243 1 1 
-4.24521 -15.8349 -15.8349 1 1 
-4.28976 -15.7454 -15.7454 1 1 
-4.33427 -15.6559 -15.6559 1 1 
-4.37875 -15.5664 -15.5664 1 1 
-4.4232 -15.4769 -15.4769 1 1 
-4.46762 -15.3873 -15.3873 1 1 
-4.512 -15.2978 -15.2978 1 1 
-4.55634 -15.2082 -15.2082 1 1 
-4.60065 -15.1186 -15.1186 1 1 
-4.64491 -15.029 -15.029 1 1 
-4.68913 -14.9394 -14.9394 1 1 
-4.73331 -14.8497 -14.8497 1 1 
-4.77744 -14.76 -14.76 1 1 
-4.82153 -14.6703 -14.6703 1 1 
-4.86556 -14.5806 -14.5806 1 1 
-4.90954 -14.4909 -14.4909 1 1 
-4.95347 -14.4011 -14.4011 1 1 
-4.99735 -14.3113 -14.3113 1 1 
-5.04117 -14.2214 -14.2214 1 1 
-2.2033 -19.9539 -19.9539 4 13 
-2.20329 -19.9398 -19.9681 3 13 
-2.20326 -19.9115 -19.9963 3 13 
-2.20309 -19.8549 -20.0529 3 13 
-2.20237 -19.7416 -20.1658 3 13 
-2.20072 -19.5998 -20.3068 3 13 
-2.19826 -19.4578 -20.4471 3 13 
-2.19498 -19.3156 -20.5874 3 13 
-2.19088 -19.1733 -20.7274 3 13 
-2.18597 -19.0309 -20.8683 3 13 
-2.18026 -18.8884 -21.0081 3 13 
-2.17375 -18.7458 -21.1477 3 13 
-2.16645 -18.6028 -21.2866 3 13 
-2.15837 -18.4599 -21.4253 3 13 
-2.14951 -18.317 -21.5637 3 13 
-2.13988 -18.1757 -21.7016 3 13 
-2.1295 -18.0322 -21.8392 3 13 
-2.11836 -17.8886 -21.9764 3 13 
-2.1065 -17.7433 -22.1134 3 13 
-2.09391 -17.5996 -22.2498 3 13 
-2.08061 -17.4559 -22.3865 3 13 
-2.06661 -17.3142 -22.5242 3 13 
-2.05193 -17.171 -22.6603 3 13 
-2.03657 -17.0279 -22.796 3 13 
-2.02056 -16.8804 -22.9303 3 13 
-2.0039 -16.7364 -23.0653 3 13 
-1.98662 -16.5924 -23.1999 3 13 
-1.96873 -16.4517 -23.333 3 13 
-1.95024 -16.3069 -23.4668 3 13 
-1.93117 -16.1621 -23.6003 3 13 
-1.91153 -16.0157 -23.7333 3 13 
-1.89135 -15.8709 -23.8658 3 13 
-1.87063 -15.7261 -23.9979 3 13 
-1.8494 -15.5837 -24.1291 3 13 
-1.82767 -15.4384 -24.2604 3 13 
-1.80546 -15.293 -24.3912 3 13 
-1.78279 -15.1504 -24.5202 3 13 
-1.75967 -15.0046 -24.6504 3 13 
-1.73612 -14.8587 -24.78 3 13 
-1.71215 -14.717 -24.9049 3 13 
-1.68779 -14.5706 -25.034 3 13 
-1.66306 -14.424 -25.1627 3 13 
-1.63796 -14.2818 -25.2896 3 13 
-1.61251 -14.1367 -25.4158 3 13 
-1.58674 -13.9894 -25.5425 3 13 
-1.56066 -13.836 -25.6716 3 13 
-1.53429 -13.69 -25.7967 3 13 
-1.50763 -13.5439 -25.9213 3 13 
-1.48072 -13.3959 -26.0498 3 13 
-1.45356 -13.2493 -26.174 3 13 
-1.42618 -13.1025 -26.2978 3 13 
-1.39858 -12.9566 -26.4213 3 13 
-1.37079 -12.8099 -26.5448 3 13 
-1.34282 -12.6632 -26.6677 3 13 
-1.31469 -12.5114 -26.7801 3 13 
-1.2864 -12.3619 -26.9031 3 13 
-1.25799 -12.2121 -27.0257 3 13 
-1.22945 -12.0632 -27.1457 3 13 
-1.20082 -11.9144 -27.2647 3 13 
-1.17209 -11.7655 -27.383 3 13 
-1.1433 -11.6187 -27.5135 3 13 
-1.11444 -11.4665 -27.6321 3 13 
-1.08554 -11.314 -27.7501 3 13 
-1.05661 -11.1584 -27.8628 3 13 
-1.02766 -11.0063 -27.979 3 13 
-0.998708 -10.854 -28.0946 3 13 
-0.969766 -10.7119 -28.2196 3 13 
-0.940847 -10.5606 -28.3351 3 13 
-0.911964 -10.4048 -28.4499 3 13 
-0.883129 -10.2417 -28.561 3 13 
-0.854355 -10.0881 -28.6742 3 13 
-0.825988 -9.93368 -28.7868 3 13 
-0.799112 -9.77108 -28.9043 3 13 
-0.773049 -9.61084 -29.0192 3 13 
-0.747613 -9.45002 -29.1337 3 13 
-0.722683 -9.28617 -29.2447 3 13 
-0.698429 -9.12284 -29.3583 3 13 
-0.67458 -8.95929 -29.4715 3 13 
-0.65106 -8.79344 -29.5821 3 13 
-0.627936 -8.62818 -29.6945 3 13 
-0.60528 -8.46231 -29.8061 3 13 
-0.583094 -8.29724 -29.915 3 13 
-0.561353 -8.13149 -30.0263 3 13 
-0.539842 -7.96555 -30.1371 3 13 
-0.518461 -7.7915 -30.2456 3 13 
-0.497418 -7.62321 -30.3555 3 13 
-0.476856 -7.45512 -30.4653 3 13 
-0.45671 -7.28541 -30.5706 3 13 
-0.436964 -7.11616 -30.6796 3 13 
-0.417429 -6.94672 -30.7882 3 13 
-0.398234 -6.77247 -30.8975 3 13 
-0.379126 -6.60165 -31.0051 3 13 
-0.360245 -6.43068 -31.1123 3 13 
-0.341651 -6.26039 -31.2197 3 13 
-0.32339 -6.08967 -31.3261 3 13 
-0.305354 -5.91883 -31.4321 3 13 
-0.287841 -5.75048 -31.5345 3 13 
-0.27055 -5.57952 -31.6403 3 13 
-0.253606 -5.40884 -31.7459 3 13 
-0.236896 -5.21635 -31.8518 3 13 
-0.220328 -5.04097 -31.9564 3 13 
-0.203982 -4.86547 -32.0606 3 13 
-0.187933 -4.70323 -32.1619 3 13 
-0.172188 -4.53056 -32.2649 3 13 
-0.156662 -4.35786 -32.3674 3 13 
-0.141349 -4.17254 -32.4727 3 13 
-0.126321 -3.99389 -32.5749 3 13 
-0.111511 -3.81512 -32.6768 3 13 
-0.0966112 -3.65046 -32.7789 3 13 
-0.0821734 -3.4765 -32.8801 3 13 
-0.0681037 -3.30259 -32.9811 3 13 
-0.0543532 -3.11087 -33.0796 3 13 
-0.0407462 -2.93554 -33.1798 3 13 
-0.0273495 -2.76023 -33.2797 3 13 
-0.0140526 -2.56647 -33.3841 3 13 
-0.00107566 -2.38925 -33.4837 3 13 
0.0116934 -2.21207 -33.583 3 13 
0.0243736 -2.02814 -33.6835 3 13 
0.0367334 -1.8501 -33.7823 3 13 
0.0488886 -1.6721 -33.8807 3 13 
0.060712 -1.49655 -33.9798 3 13 
0.0723534 -1.3189 -34.0777 3 13 
0.0837991 -1.14135 -34.1754 3 13 
0.0952348 -0.975663 -34.2762 3 13 
0.106282 -0.794742 -34.3735 3 13 
0.117138 -0.610194 -34.4705 3 13 
0.127447 -0.421034 -34.5695 3 13 
0.137917 -0.24329 -34.6662 3 13 
0.148199 -0.0657123 -34.7625 3 13 
0.158381 0.108965 -34.86 3 13 
0.16829 0.294186 -34.956 3 13 
0.178018 0.479348 -35.0517 3 13 
0.187438 0.649729 -35.1464 3 13 
0.196798 0.835345 -35.2417 3 13 
0.20598 1.02087 -35.3367 3 13 
0.215096 1.22715 -35.4319 3 13 
0.223933 1.41113 -35.5263 3 13 
0.232599 1.59497 -35.6203 3 13 
0.240936 1.75265 -35.7145 3 13 
0.249249 1.938 -35.808 3 13 
0.257396 2.1232 -35.9013 3 13 
0.265443 2.28906 -35.994 3 13 
0.273266 2.47485 -36.0867 3 13 
0.280928 2.66046 -36.1792 3 13 
0.288515 2.82915 -36.2711 3 13 
0.295861 3.01505 -36.363 3 13 
0.303051 3.20076 -36.4546 3 13 
0.310348 3.3761 -36.5453 3 13 
0.317232 3.55323 -36.6363 3 13 
0.323966 3.73003 -36.727 3 13 
0.330743 3.92646 -36.8168 3 13 
0.337185 4.10366 -36.9068 3 13 
0.343483 4.28052 -36.9966 3 13 
0.349396 4.45977 -37.0855 3 13 
0.355412 4.64489 -37.1746 3 13 
0.36129 4.82969 -37.2634 3 13 
0.366944 5.03827 -37.3525 3 13 
0.372547 5.22138 -37.4407 3 13 
0.378018 5.40414 -37.5285 3 13 
0.383345 5.59591 -37.6162 3 13 
0.388565 5.77699 -37.7033 3 13 
0.393659 5.95769 -37.7901 3 13 
0.398877 6.11781 -37.874 3 13 
0.403721 6.29968 -37.96 3 13 
0.408443 6.48113 -38.0456 3 13 
0.413519 6.66706 -38.1271 3 13 
0.418011 6.84755 -38.2119 3 13 
0.422385 7.02756 -38.2962 3 13 
0.426228 7.1667 -38.3745 3 13 
0.430386 7.3478 -38.4579 3 13 
0.434434 7.52836 -38.5429 3 13 
0.438006 7.68891 -38.6359 3 13 
0.441845 7.86124 -38.72 3 13 
0.445579 8.03291 -38.8037 3 13 
0.448866 8.27283 -38.8872 3 13 
0.452397 8.44829 -38.9701 3 13 
0.455829 8.62316 -39.0526 3 13 
0.459131 8.77554 -39.1366 3 13 
0.462375 8.9521 -39.218 3 13 
0.465526 9.1281 -39.299 3 13 
0.469046 9.31945 -39.3793 3 13 
0.472024 9.49196 -39.4591 3 13 
0.474911 9.66371 -39.5383 3 13 
0.478178 9.79679 -39.6125 3 13 
0.480896 9.96493 -39.6903 3 13 
0.483529 10.1323 -39.7676 3 13 
0.486343 10.2924 -39.8375 3 13 
0.488814 10.4658 -39.9134 3 13 
0.491208 10.6385 -39.9888 3 13 
0.493176 10.8434 -40.077 3 13 
0.495393 11.0138 -40.1539 3 13 
0.497535 11.1835 -40.2303 3 13 
0.499502 11.315 -40.3065 3 13 
0.501541 11.4848 -40.3817 3 13 
0.503511 11.6539 -40.4563 3 13 
0.50502 11.8408 -40.5322 3 13 
0.506859 12.0038 -40.6058 3 13 
0.50863 12.1658 -40.6787 3 13 
0.510126 12.3595 -40.7515 3 13 
0.511742 12.5227 -40.8232 3 13 
0.513296 12.685 -40.8943 3 13 
0.514921 12.8445 -40.9649 3 13 
0.516388 13.0052 -41.0349 3 13 
0.517797 13.1651 -41.1042 3 13 
0.518922 13.3266 -41.1714 3 13 
0.520188 13.4861 -41.2394 3 13 
0.5214 13.6448 -41.3069 3 13 
0.522472 13.7943 -41.3701 3 13 
0.523589 13.9503 -41.4401 3 13 
0.524657 14.1055 -41.5095 3 13 
0.525646 14.269 -41.5804 3 13 
0.526613 14.425 -41.6482 3 13 
0.527535 14.5803 -41.7154 3 13 
0.52846 14.7366 -41.7836 3 13 
0.529299 14.8899 -41.8488 3 13 
0.530095 15.0424 -41.9134 3 13 
0.530841 15.1915 -41.9767 3 13 
0.531552 15.3432 -42.0396 3 13 
0.532223 15.494 -42.1019 3 13 
0.532815 15.635 -42.1597 3 13 
0.533406 15.7851 -42.2202 3 13 
0.533959 15.9343 -42.2801 3 13 
0.534392 16.0656 -42.3459 3 13 
0.534866 16.2141 -42.408 3 13 
0.535306 16.3617 -42.4693 3 13 
0.535711 16.5233 -42.5322 3 13 
0.536079 16.6683 -42.5911 3 13 
0.536415 16.8126 -42.6494 3 13 
0.53681 16.9556 -42.6987 3 13 
0.53708 17.0982 -42.7547 3 13 
0.537321 17.24 -42.81 3 13 
0.537672 17.3816 -42.8513 3 13 
0.53782 17.5217 -42.9101 3 13 
0.53794 17.6609 -42.9694 3 13 
0.537611 17.3192 -42.8355 4 13 
0.537806 17.464 -42.8965 4 13 
0.537966 17.6036 -42.9548 4 13 
0.538088 18.3038 -43.2631 3 13 
0.538085 18.441 -43.318 4 13 
0.538059 18.5774 -43.3722 4 13 
0.537982 18.7048 -43.4259 4 13 
0.537911 18.8397 -43.4788 4 13 
0.537819 18.9738 -43.5309 4 13 
0.537589 19.0994 -43.5817 4 13 
0.537449 19.226 -43.6329 4 13 
0.53729 19.3579 -43.6834 4 13 
0.53721 19.4827 -43.7312 4 13 
0.536999 19.613 -43.7808 4 13 
0.536742 19.7425 -43.8301 4 13 
0.536312 19.8751 -43.8809 4 13 
0.536055 19.9969 -43.9285 4 13 
0.535783 20.1174 -43.9754 4 13 
0.535417 20.2921 -44.023 4 13 
0.535112 20.4133 -44.0687 4 13 
0.534792 20.5336 -44.1138 4 13 
0.534235 20.6654 -44.1621 4 13 
0.53387 20.785 -44.2065 4 13 
0.533493 20.9036 -44.2503 4 13 
0.533112 21.027 -44.2952 4 13 
0.532682 21.1456 -44.3384 4 13 
0.53224 21.2634 -44.381 4 13 
0.531849 21.383 -44.4194 4 13 
0.531392 21.499 -44.4606 4 13 
0.530925 21.6141 -44.5012 4 13 
0.53035 21.683 -44.5384 4 13 
0.529843 21.799 -44.5819 4 13 
0.529326 21.9143 -44.6255 4 13 
0.529344 22.0112 -44.6626 4 13 
0.528752 22.1265 -44.7058 4 13 
0.528158 22.2398 -44.7479 4 13 
0.527426 22.3745 -44.793 4 13 
0.52683 22.4816 -44.8332 4 13 
0.526228 22.5877 -44.8728 4 13 
0.525497 22.7066 -44.9096 4 13 
0.5249 22.8118 -44.9467 4 13 
0.524298 22.9159 -44.9832 4 13 
0.523815 23.0407 -45.0254 4 13 
0.523199 23.1466 -45.062 4 13 
0.522579 23.2516 -45.0981 4 13 
0.522133 23.3156 -45.1217 4 13 
0.521461 23.4152 -45.1564 4 13 
0.520786 23.5137 -45.1906 4 13 
0.519911 23.6611 -45.2324 4 13 
0.519251 23.7619 -45.2657 4 13 
0.51859 23.8616 -45.2986 4 13 
0.517921 23.9604 -45.3361 4 13 
0.517222 24.0594 -45.3728 4 13 
0.516521 24.1576 -45.4089 4 13 
0.515914 24.1603 -45.4439 4 13 
0.515222 24.2608 -45.4786 4 13 
0.514527 24.3606 -45.5128 4 13 
0.514034 24.5088 -45.5407 4 13 
0.513281 24.6012 -45.5748 4 13 
0.512532 24.6922 -45.6082 4 13 
0.511555 24.8013 -45.6458 4 13 
0.510825 24.8919 -45.6779 4 13 
0.510099 24.9811 -45.7092 4 13 
0.509525 25.0891 -45.738 4 13 
0.508822 25.1775 -45.7679 4 13 
0.508119 25.2651 -45.7973 4 13 
0.507374 25.2935 -45.8249 4 13 
0.50662 25.3859 -45.8543 4 13 
0.505868 25.4775 -45.8832 4 13 
0.505319 25.6246 -45.9073 4 13 
0.504534 25.7105 -45.9359 4 13 
0.503752 25.7953 -45.9641 4 13 
0.502823 25.8309 -45.9961 4 13 
0.502071 25.919 -46.0231 4 13 
0.501342 26.0031 -46.049 3 13 
0.50083 25.9737 -46.0693 4 13 
0.500101 26.049 -46.0945 4 13 
0.499378 26.1229 -46.1192 4 13 
0.498401 26.3634 -46.1517 4 13 
0.497623 26.4475 -46.181 4 13 
0.496854 26.5303 -46.2095 4 13 
0.496372 26.5871 -46.2301 3 13 
0.495595 26.664 -46.2581 3 13 
0.494826 26.7397 -46.2855 3 13 
0.493911 26.7788 -46.3152 3 13 
0.493139 26.8602 -46.3417 3 13 
0.492371 26.941 -46.3677 3 13 
0.491808 27.076 -46.3894 3 13 
0.491095 27.1539 -46.4132 3 13 
0.490385 27.2311 -46.4366 4 13 
0.489315 27.2875 -46.4678 4 13 
0.538086 18.3494 -43.24 3 13 
0.538071 18.4844 -43.2902 4 13 
0.538182 18.6148 -43.3685 4 13 
0.538084 18.7485 -43.4199 4 13 
0.537965 18.8814 -43.4707 4 13 
0.537813 19.007 -43.5088 4 13 
0.53769 19.1361 -43.5622 4 13 
0.537547 19.2644 -43.6149 4 13 
0.53729 19.341 -43.6713 4 13 
0.537114 19.4723 -43.7223 4 13 
0.53692 19.6026 -43.7725 4 13 
0.536678 19.7592 -43.8219 4 13 
0.536413 19.8871 -43.8712 4 13 
0.536133 20.0142 -43.9198 4 13 
0.535657 20.1519 -43.9706 4 13 
0.53536 20.2744 -44.0178 4 13 
0.53505 20.3956 -44.0643 4 13 
0.534733 20.5207 -44.1093 4 13 
0.534392 20.6432 -44.1545 4 13 
0.534038 20.7649 -44.1992 4 13 
0.533613 20.8451 -44.2439 4 13 
0.533223 20.9608 -44.2874 4 13 
0.532821 21.0756 -44.3303 4 13 
0.53245 21.2343 -44.3707 4 13 
0.53201 21.3529 -44.4125 4 13 
0.531527 21.4702 -44.4539 4 13 
0.530903 21.5375 -44.4901 4 13 
0.530415 21.6548 -44.5333 4 13 
0.529918 21.7713 -44.5774 4 13 
0.52987 21.862 -44.6167 4 13 
0.529296 21.9784 -44.6602 4 13 
0.52872 22.093 -44.7027 4 13 
0.527896 22.2438 -44.7512 4 13 
0.527325 22.3563 -44.7917 4 13 
0.526748 22.4675 -44.8313 4 13 
0.526382 22.5915 -44.8653 4 13 
0.525791 22.7011 -44.9033 4 13 
0.525195 22.8096 -44.9407 4 13 
0.524424 22.8629 -44.9837 4 13 
0.523801 22.9648 -45.0209 4 13 
0.523173 23.0658 -45.0576 4 13 
0.522546 23.2127 -45.0868 4 13 
0.521924 23.3137 -45.1215 4 13 
0.521296 23.4138 -45.1557 4 13 
0.520714 23.533 -45.198 4 13 
0.520084 23.6362 -45.2319 4 13 
0.519449 23.7384 -45.2652 4 13 
0.518974 23.7124 -45.2869 4 13 
0.518258 23.817 -45.3251 4 13 
0.517544 23.9201 -45.3623 4 13 
0.517131 24.1378 -45.3945 4 13 
0.516386 24.2362 -45.4309 4 13 
0.51564 24.3336 -45.4666 4 13 
0.514518 24.4183 -45.5083 4 13 
0.513803 24.5161 -45.5427 4 13 
0.513093 24.6122 -45.5761 4 13 
0.512456 24.7175 -45.6086 4 13 
0.511762 24.8117 -45.6406 4 13 
0.511066 24.9052 -45.672 4 13 
0.510433 24.8601 -45.6998 4 13 
0.509685 24.9562 -45.7312 4 13 
0.508939 25.0515 -45.7619 4 13 
0.508284 25.2637 -45.7901 4 13 
0.507514 25.3535 -45.8204 4 13 
0.506745 25.4426 -45.8501 4 13 
0.505848 25.5185 -45.8832 4 13 
0.50512 25.6042 -45.9114 4 13 
0.504395 25.6888 -45.9391 4 13 
0.503897 25.7687 -45.961 4 13 
0.503112 25.8524 -45.9891 4 13 
0.502333 25.9347 -46.0166 4 13 
0.5014 26.0496 -46.0451 4 13 
0.500642 26.1342 -46.0713 4 13 
0.499889 26.2178 -46.0971 4 13 
0.499592 26.2295 -46.112 4 13 
0.498809 26.3087 -46.1393 3 13 
0.498031 26.386 -46.1689 3 13 
0.494985 26.7223 -46.2774 3 13 
0.494208 26.8035 -46.3047 3 13 
0.493437 26.8837 -46.3314 3 13 
0.492879 26.9879 -46.3534 3 13 
0.492167 27.0653 -46.3778 3 13 
0.491458 27.142 -46.4017 3 13 
0.490352 27.1896 -46.4345 4 13 
0.489589 27.2677 -46.459 4 13 
0.488834 27.3445 -46.483 4 13 
0.488341 27.3876 -46.5004 3 13 
0.487575 27.4575 -46.5242 3 13 
0.486793 27.5262 -46.5478 3 13 
0.483695 27.8413 -46.6383 3 13 
0.482964 27.9136 -46.6595 4 13 
0.48224 27.985 -46.6802 4 13 
0.481661 27.9943 -46.6969 4 13 
0.480959 28.0567 -46.7169 4 13 
0.480262 28.1183 -46.7385 4 13 
0.479351 28.2468 -46.7637 4 13 
0.484618 27.746 -46.612 3 13 
0.483859 27.8202 -46.6341 4 13 
0.483183 27.8887 -46.6528 4 13 
0.482407 27.9615 -46.6748 4 13 
0.480042 28.1822 -46.742 3 13 
0.479348 28.2095 -46.7666 4 13 
0.478625 28.2701 -46.788 4 13 
0.477908 28.33 -46.8089 4 13 
0.477082 28.4392 -46.8313 4 13 
0.476356 28.5082 -46.8526 4 13 
0.475635 28.5766 -46.8735 4 13 
0.475095 28.6739 -46.8866 4 13 
0.474402 28.7384 -46.9058 4 13 
0.473718 28.802 -46.9246 4 13 
0.472706 28.7928 -46.9548 4 13 
0.471974 28.8602 -46.9745 4 13 
0.471259 28.926 -46.9935 4 13 
0.470603 28.9283 -47.0103 4 13 
0.469901 28.9826 -47.0288 4 13 
0.469205 29.0362 -47.0469 4 13 
0.468674 29.1458 -47.0594 4 13 
0.485809 27.6663 -46.5764 3 13 
0.485049 27.7367 -46.599 4 13 
0.483042 27.9305 -46.6569 4 13 
0.48103 28.1179 -46.7139 4 13 
0.480295 28.186 -46.7364 4 13 
0.479987 28.1088 -46.7486 4 13 
0.479246 28.1685 -46.7712 4 13 
0.478512 28.2265 -46.7932 4 13 
0.477626 28.3448 -46.8144 4 13 
0.476875 28.4153 -46.8364 4 13 
0.47613 28.4852 -46.8581 4 13 
0.475579 28.571 -46.8724 4 13 
0.474839 28.639 -46.8933 4 13 
0.474089 28.7064 -46.9144 4 13 
0.485977 27.6465 -46.5718 3 13 
0.484206 27.8177 -46.6241 4 13 
0.483448 27.8907 -46.6461 4 13 
0.482502 27.9569 -46.672 4 13 
0.480519 28.1438 -46.7281 4 13 
0.479692 28.2214 -46.7536 4 13 
0.479201 28.296 -46.7711 4 13 
0.478479 28.3597 -46.7924 4 13 
0.477763 28.4227 -46.8132 4 13 
0.476809 28.5021 -46.8391 4 13 
0.538538 18.2344 -43.1995 4 13 
0.538523 18.3703 -43.2508 3 13 
0.538006 18.2517 -43.2557 4 13 
0.537986 18.3897 -43.3083 4 13 
0.537944 18.5263 -43.3601 4 13 
0.538035 18.7083 -43.3979 4 13 
0.537971 18.8421 -43.4473 4 13 
0.537886 18.9751 -43.499 4 13 
0.537606 19.0876 -43.5578 4 13 
0.537471 19.2152 -43.6104 4 13 
0.537316 19.3417 -43.6621 4 13 
0.537184 19.4714 -43.7118 4 13 
0.536952 19.5962 -43.7626 4 13 
0.536703 19.7201 -43.8127 4 13 
0.536543 19.8648 -43.8615 4 13 
0.5363 19.9919 -43.9096 4 13 
0.53604 20.1182 -43.9571 4 13 
0.535447 20.2549 -44.0087 4 13 
0.535138 20.3774 -44.0554 4 13 
0.534817 20.4983 -44.1011 4 13 
0.534417 20.6076 -44.1465 4 13 
0.534052 20.73 -44.1913 4 13 
0.533674 20.8516 -44.2354 4 13 
0.533348 20.988 -44.2774 4 13 
0.532938 21.1074 -44.3204 4 13 
0.532515 21.2259 -44.3627 4 13 
0.532277 21.3302 -44.3974 4 13 
0.531825 21.4445 -44.4382 4 13 
0.531354 21.5578 -44.4786 4 13 
0.530629 21.6804 -44.5286 4 13 
0.530118 21.7959 -44.5727 4 13 
0.5296 21.9101 -44.6158 4 13 
0.529046 22.0282 -44.6611 4 13 
0.528505 22.1402 -44.7026 4 13 
0.527956 22.2515 -44.7436 4 13 
0.527537 22.3598 -44.779 4 13 
0.526956 22.469 -44.8177 4 13 
0.526368 22.5773 -44.8558 4 13 
0.525945 22.6855 -44.8968 4 13 
0.52534 22.7937 -44.9357 4 13 
0.52473 22.901 -44.974 4 13 
0.524064 23.0013 -45.0088 4 13 
0.52346 23.1076 -45.0448 4 13 
0.52285 23.213 -45.0802 4 13 
0.522156 23.319 -45.114 4 13 
0.5215 23.4218 -45.1489 4 13 
0.520839 23.5239 -45.1832 4 13 
0.520515 23.5765 -45.213 4 13 
0.519803 23.675 -45.2475 4 13 
0.519095 23.7718 -45.2811 4 13 
0.518107 23.9105 -45.3252 4 13 
0.517407 24.008 -45.3624 4 13 
0.516712 24.1035 -45.3986 4 13 
0.516163 24.1765 -45.4326 4 13 
0.515476 24.2763 -45.4675 4 13 
0.514786 24.3754 -45.5017 4 13 
0.514185 24.429 -45.5321 4 13 
0.51344 24.5193 -45.5661 4 13 
0.512696 24.6086 -45.5995 4 13 
0.511848 24.7818 -45.6341 4 13 
0.511111 24.8729 -45.6664 4 13 
0.510374 24.9632 -45.6981 4 13 
0.509764 25.0721 -45.7281 4 13 
0.509031 25.1629 -45.7585 4 13 
0.508299 25.253 -45.7883 4 13 
0.507513 25.316 -45.8178 4 13 
0.506773 25.407 -45.847 4 13 
0.506033 25.4973 -45.8758 4 13 
0.505772 25.5753 -45.8939 4 13 
0.504965 25.661 -45.9232 4 13 
0.504172 25.7446 -45.9517 4 13 
0.503073 25.8126 -45.9863 4 13 
0.502309 25.901 -46.0137 4 13 
0.501552 25.9882 -46.0404 4 13 
0.52087 23.4866 -45.1856 4 13 
0.52023 23.5837 -45.2204 4 13 
0.51959 23.6794 -45.2576 4 13 
0.518892 23.7617 -45.2916 4 13 
0.518243 23.8553 -45.3277 4 13 
0.51759 23.948 -45.3634 4 13 
0.516469 24.1377 -45.4104 4 13 
0.515762 24.2382 -45.4463 4 13 
0.515063 24.3362 -45.481 4 13 
0.514494 24.4261 -45.5134 4 13 
0.513786 24.5182 -45.5469 4 13 
0.513077 24.6095 -45.58 4 13 
0.512323 24.731 -45.6132 4 13 
0.511603 24.825 -45.6454 4 13 
0.510881 24.9182 -45.6771 4 13 
0.510504 24.9142 -45.6997 4 13 
0.509639 25.0153 -45.736 3 13 
0.508896 25.1011 -45.7666 3 13 
0.491901 27.0681 -46.3856 4 13 
0.491145 27.1434 -46.4104 4 13 
0.490394 27.2179 -46.4347 4 13 
0.489697 27.2774 -46.4577 4 13 
0.488965 27.354 -46.4812 4 13 
0.488236 27.4299 -46.5043 4 13 
0.487457 27.3692 -46.5262 4 13 
0.485364 27.5514 -46.5896 4 13 
0.48462 27.6156 -46.6117 4 13 
0.483994 27.8519 -46.6293 4 13 
0.466592 29.391 -47.1168 4 13 
0.46591 29.4463 -47.1356 4 13 
0.465178 29.5333 -47.1497 4 13 
0.464533 29.5891 -47.1679 4 13 
0.463895 29.6442 -47.1856 4 13 
0.463124 29.6724 -47.2066 4 13 
0.462448 29.7315 -47.2252 4 13 
0.46178 29.7897 -47.2433 4 13 
0.461218 29.7335 -47.2569 4 13 
0.460568 29.7813 -47.2746 4 13 
0.459924 29.8283 -47.2919 4 13 
0.459184 29.924 -47.3099 4 13 
0.458537 29.9815 -47.3269 4 13 
0.457898 30.0385 -47.3434 4 13 
0.457366 30.1925 -47.3562 4 13 
0.456744 30.2434 -47.3716 4 13 
0.456128 30.2937 -47.3867 4 13 
0.455433 30.3144 -47.4056 4 13 
0.454818 30.3684 -47.4209 4 13 
0.454211 30.4217 -47.4357 4 13 
0.453622 30.3808 -47.4498 4 13 
0.453015 30.4242 -47.4645 4 13 
0.452415 30.4669 -47.4788 4 13 
0.45175 30.6011 -47.4942 4 13 
0.451148 30.6522 -47.5083 4 13 
0.450552 30.7028 -47.5222 4 13 
0.450194 30.6857 -47.5246 4 13 
0.449632 30.7259 -47.5367 4 13 
0.44904 30.7661 -47.5499 4 13 
0.448485 30.7971 -47.5636 4 13 
0.447875 30.8367 -47.5775 4 13 
0.447273 30.8755 -47.591 4 13 
0.446802 31.0239 -47.6029 4 13 
0.428632 32.213 -48.0319 4 13 
0.428211 32.2343 -48.0423 4 13 
0.427848 32.521 -48.0437 4 13 
0.427416 32.5494 -48.0521 4 13 
0.426992 32.5773 -48.0603 4 13 
0.426768 32.6414 -48.0722 4 13 
0.426333 32.6713 -48.081 4 13 
0.425907 32.7005 -48.0894 4 13 
0.425595 32.7418 -48.0975 4 13 
0.425172 32.7721 -48.106 4 13 
0.424757 32.8019 -48.1142 4 13 
0.424415 32.8204 -48.1227 4 13 
0.424007 32.8484 -48.1307 4 13 
0.423607 32.8759 -48.1383 4 13 
0.423326 32.9061 -48.146 4 13 
0.422928 32.9332 -48.1552 4 13 
0.422538 32.9597 -48.1681 4 13 
0.422276 33.0002 -48.1783 4 13 
0.421953 33.0281 -48.1897 4 13 
0.421595 33.0564 -48.2021 4 13 
0.421246 33.0831 -48.2138 4 13 
0.420874 33.1117 -48.2265 4 13 
0.420509 33.1398 -48.239 4 13 
0.420066 32.8921 -48.2536 4 13 
0.41972 32.9063 -48.2658 4 13 
0.419382 32.9198 -48.2778 4 13 
0.419232 33.1501 -48.2866 4 13 
0.418882 33.1698 -48.2994 4 13 
0.41854 33.1888 -48.3125 4 13 
0.418274 33.2977 -48.3234 4 13 
0.417996 33.3239 -48.3352 4 13 
0.417725 33.3497 -48.347 4 13 
0.41741 33.3731 -48.3611 4 13 
0.417079 33.3961 -48.3739 4 13 
0.416756 33.4187 -48.3866 4 13 
0.416504 33.2512 -48.3978 4 13 
0.4162 33.2641 -48.4101 4 13 
0.415897 33.2762 -48.4224 4 13 
0.415738 33.5196 -48.4305 4 13 
0.41546 33.543 -48.4425 4 13 
0.415149 33.5667 -48.455 4 13 
0.414835 33.5887 -48.4684 4 13 
0.414547 33.6124 -48.4805 4 13 
0.414267 33.6357 -48.4924 4 13 
0.413925 33.5969 -48.5052 4 13 
0.413662 33.6141 -48.5168 4 13 
0.413407 33.6309 -48.5282 4 13 
0.413151 33.669 -48.5395 4 13 
0.412896 33.6853 -48.5509 4 13 
0.412648 33.7013 -48.5621 4 13 
